ENSMUST00000052248.8	585	851	0|ENSMUST00000052248.8_0|ENSMUST00000052248.8:632:696:807:858	1000	+	585	851	0	2	111,44	0,222
ENSMUST00000052248.8	590	828	0|ENSMUST00000052248.8_0|ENSMUST00000052248.8:632:696:807:858	1000	+	590	828	0	2	127,36	0,202
ENSMUST00000052248.8	613	858	0|ENSMUST00000052248.8_0|ENSMUST00000052248.8:632:696:807:858	1000	+	613	858	0	2	119,41	0,204
ENSMUST00000052248.8	613	858	0|ENSMUST00000052248.8_0|ENSMUST00000052248.8:632:696:807:858	1000	+	613	858	0	2	119,41	0,204
ENSMUST00000052248.8	613	858	0|ENSMUST00000052248.8_0|ENSMUST00000052248.8:632:696:807:858	1000	+	613	858	0	2	119,41	0,204
ENSMUST00000052248.8	613	858	0|ENSMUST00000052248.8_0|ENSMUST00000052248.8:632:696:807:858	1000	+	613	858	0	2	119,41	0,204
ENSMUST00000052248.8	629	867	0|ENSMUST00000052248.8_0|ENSMUST00000052248.8:632:696:807:858	1000	+	629	867	0	2	102,88	0,150
ENSMUST00000052248.8	632	858	0|ENSMUST00000052248.8_0|ENSMUST00000052248.8:632:696:807:858	1000	+	632	858	0	2	101,106	0,120
ENSMUST00000052248.8	632	858	0|ENSMUST00000052248.8_0|ENSMUST00000052248.8:632:696:807:858	1000	+	632	858	0	2	62,24	0,202
ENSMUST00000052248.8	632	913	0|ENSMUST00000052248.8_0|ENSMUST00000052248.8:632:696:807:858	1000	+	632	913	0	2	62,79	0,202
ENSMUST00000052248.8	636	961	0|ENSMUST00000052248.8_0|ENSMUST00000052248.8:632:696:807:858	1000	+	636	961	0	2	27,127	0,198
ENSMUST00000052248.8	636	961	0|ENSMUST00000052248.8_0|ENSMUST00000052248.8:632:696:807:858	1000	+	636	961	0	2	27,127	0,198
ENSMUST00000052248.8	636	961	0|ENSMUST00000052248.8_0|ENSMUST00000052248.8:632:696:807:858	1000	+	636	961	0	2	27,127	0,198
ENSMUST00000052248.8	636	961	0|ENSMUST00000052248.8_0|ENSMUST00000052248.8:632:696:807:858	1000	+	636	961	0	2	27,127	0,198
ENSMUST00000052248.8	636	961	0|ENSMUST00000052248.8_0|ENSMUST00000052248.8:632:696:807:858	1000	+	636	961	0	2	27,127	0,198
ENSMUST00000052248.8	636	961	0|ENSMUST00000052248.8_0|ENSMUST00000052248.8:632:696:807:858	1000	+	636	961	0	2	27,127	0,198
ENSMUST00000052248.8	640	858	0|ENSMUST00000052248.8_0|ENSMUST00000052248.8:632:696:807:858	1000	+	640	858	0	2	85,61	0,157
ENSMUST00000052248.8	661	878	0|ENSMUST00000052248.8_0|ENSMUST00000052248.8:632:696:807:858	1000	+	661	878	0	2	48,15	0,202
ENSMUST00000052248.8	673	912	0|ENSMUST00000052248.8_0|ENSMUST00000052248.8:632:696:807:858	1000	+	673	912	0	2	60,150	0,89
ENSMUST00000052248.8	673	912	0|ENSMUST00000052248.8_0|ENSMUST00000052248.8:632:696:807:858	1000	+	673	912	0	2	60,150	0,89
ENSMUST00000052248.8	673	912	0|ENSMUST00000052248.8_0|ENSMUST00000052248.8:632:696:807:858	1000	+	673	912	0	2	60,150	0,89
ENSMUST00000052248.8	673	912	0|ENSMUST00000052248.8_0|ENSMUST00000052248.8:632:696:807:858	1000	+	673	912	0	2	60,150	0,89
ENSMUST00000052248.8	680	961	0|ENSMUST00000052248.8_0|ENSMUST00000052248.8:632:696:807:858	1000	+	680	961	0	2	52,107	0,174
ENSMUST00000052248.8	699	932	0|ENSMUST00000052248.8_0|ENSMUST00000052248.8:632:696:807:858	1000	+	699	932	0	2	35,108	0,125
ENSMUST00000052248.8	585	851	0|ENSMUST00000052248.8_0|ENSMUST00000052248.8:632:696:807:858	1000	+	585	851	0	2	111,44	0,222
ENSMUST00000052248.8	585	851	0|ENSMUST00000052248.8_0|ENSMUST00000052248.8:632:696:807:858	1000	+	585	851	0	2	111,44	0,222
ENSMUST00000052248.8	585	851	0|ENSMUST00000052248.8_0|ENSMUST00000052248.8:632:696:807:858	1000	+	585	851	0	2	111,44	0,222
ENSMUST00000052248.8	585	851	0|ENSMUST00000052248.8_0|ENSMUST00000052248.8:632:696:807:858	1000	+	585	851	0	2	111,44	0,222
ENSMUST00000052248.8	585	851	0|ENSMUST00000052248.8_0|ENSMUST00000052248.8:632:696:807:858	1000	+	585	851	0	2	111,44	0,222
ENSMUST00000052248.8	585	851	0|ENSMUST00000052248.8_0|ENSMUST00000052248.8:632:696:807:858	1000	+	585	851	0	2	111,44	0,222
ENSMUST00000052248.8	585	851	0|ENSMUST00000052248.8_0|ENSMUST00000052248.8:632:696:807:858	1000	+	585	851	0	2	111,44	0,222
ENSMUST00000052248.8	590	889	1|ENSMUST00000052248.8_1|ENSMUST00000052248.8:557:623:875:920	1000	+	590	889	0	2	31,177	0,122
ENSMUST00000052248.8	590	889	1|ENSMUST00000052248.8_1|ENSMUST00000052248.8:557:623:875:920	1000	+	590	889	0	2	31,177	0,122
ENSMUST00000052248.8	590	889	1|ENSMUST00000052248.8_1|ENSMUST00000052248.8:557:623:875:920	1000	+	590	889	0	2	31,177	0,122
ENSMUST00000052248.8	519	920	1|ENSMUST00000052248.8_1|ENSMUST00000052248.8:557:623:875:920	1000	+	519	920	0	2	123,26	0,375
ENSMUST00000052248.8	519	920	1|ENSMUST00000052248.8_1|ENSMUST00000052248.8:557:623:875:920	1000	+	519	920	0	2	123,26	0,375
ENSMUST00000052248.8	519	920	1|ENSMUST00000052248.8_1|ENSMUST00000052248.8:557:623:875:920	1000	+	519	920	0	2	123,26	0,375
ENSMUST00000052248.8	519	920	1|ENSMUST00000052248.8_1|ENSMUST00000052248.8:557:623:875:920	1000	+	519	920	0	2	123,26	0,375
ENSMUST00000052248.8	519	920	1|ENSMUST00000052248.8_1|ENSMUST00000052248.8:557:623:875:920	1000	+	519	920	0	2	123,26	0,375
ENSMUST00000052248.8	519	920	1|ENSMUST00000052248.8_1|ENSMUST00000052248.8:557:623:875:920	1000	+	519	920	0	2	123,26	0,375
ENSMUST00000052248.8	519	920	1|ENSMUST00000052248.8_1|ENSMUST00000052248.8:557:623:875:920	1000	+	519	920	0	2	123,26	0,375
ENSMUST00000052248.8	519	920	1|ENSMUST00000052248.8_1|ENSMUST00000052248.8:557:623:875:920	1000	+	519	920	0	2	123,26	0,375
ENSMUST00000052248.8	529	927	1|ENSMUST00000052248.8_1|ENSMUST00000052248.8:557:623:875:920	1000	+	529	927	0	2	87,53	0,345
ENSMUST00000052248.8	529	927	1|ENSMUST00000052248.8_1|ENSMUST00000052248.8:557:623:875:920	1000	+	529	927	0	2	87,53	0,345
ENSMUST00000052248.8	529	927	1|ENSMUST00000052248.8_1|ENSMUST00000052248.8:557:623:875:920	1000	+	529	927	0	2	87,53	0,345
ENSMUST00000052248.8	529	927	1|ENSMUST00000052248.8_1|ENSMUST00000052248.8:557:623:875:920	1000	+	529	927	0	2	87,53	0,345
ENSMUST00000052248.8	536	925	1|ENSMUST00000052248.8_1|ENSMUST00000052248.8:557:623:875:920	1000	+	536	925	0	2	87,42	0,347
ENSMUST00000052248.8	536	925	1|ENSMUST00000052248.8_1|ENSMUST00000052248.8:557:623:875:920	1000	+	536	925	0	2	87,42	0,347
ENSMUST00000052248.8	556	949	1|ENSMUST00000052248.8_1|ENSMUST00000052248.8:557:623:875:920	1000	-	556	949	0	2	103,115	0,278
ENSMUST00000052248.8	558	907	1|ENSMUST00000052248.8_1|ENSMUST00000052248.8:557:623:875:920	1000	+	558	907	0	2	126,32	0,317
ENSMUST00000052248.8	558	907	1|ENSMUST00000052248.8_1|ENSMUST00000052248.8:557:623:875:920	1000	+	558	907	0	2	126,32	0,317
ENSMUST00000052248.8	558	907	1|ENSMUST00000052248.8_1|ENSMUST00000052248.8:557:623:875:920	1000	+	558	907	0	2	126,32	0,317
ENSMUST00000052248.8	561	958	1|ENSMUST00000052248.8_1|ENSMUST00000052248.8:557:623:875:920	1000	+	561	958	0	2	60,106	0,291
ENSMUST00000052248.8	561	958	1|ENSMUST00000052248.8_1|ENSMUST00000052248.8:557:623:875:920	1000	+	561	958	0	2	60,106	0,291
ENSMUST00000052248.8	561	958	1|ENSMUST00000052248.8_1|ENSMUST00000052248.8:557:623:875:920	1000	+	561	958	0	2	60,106	0,291
ENSMUST00000052248.8	564	903	1|ENSMUST00000052248.8_1|ENSMUST00000052248.8:557:623:875:920	1000	+	564	903	0	2	61,28	0,311
ENSMUST00000052248.8	564	903	1|ENSMUST00000052248.8_1|ENSMUST00000052248.8:557:623:875:920	1000	+	564	903	0	2	61,28	0,311
ENSMUST00000052248.8	568	979	1|ENSMUST00000052248.8_1|ENSMUST00000052248.8:557:623:875:920	1000	+	568	979	0	2	43,93	0,318
ENSMUST00000052248.8	568	979	1|ENSMUST00000052248.8_1|ENSMUST00000052248.8:557:623:875:920	1000	+	568	979	0	2	43,93	0,318
ENSMUST00000052248.8	568	979	1|ENSMUST00000052248.8_1|ENSMUST00000052248.8:557:623:875:920	1000	+	568	979	0	2	43,93	0,318
ENSMUST00000052248.8	568	979	1|ENSMUST00000052248.8_1|ENSMUST00000052248.8:557:623:875:920	1000	+	568	979	0	2	43,93	0,318
ENSMUST00000052248.8	271	504	2|ENSMUST00000052248.8_2|ENSMUST00000052248.8:271:374:400:504	1000	+	271	504	0	2	103,104	0,129
ENSMUST00000052248.8	271	504	2|ENSMUST00000052248.8_2|ENSMUST00000052248.8:271:374:400:504	1000	+	271	504	0	2	103,104	0,129
ENSMUST00000052248.8	271	504	2|ENSMUST00000052248.8_2|ENSMUST00000052248.8:271:374:400:504	1000	+	271	504	0	2	103,104	0,129
ENSMUST00000052248.8	271	504	2|ENSMUST00000052248.8_2|ENSMUST00000052248.8:271:374:400:504	1000	+	271	504	0	2	103,104	0,129
ENSMUST00000052248.8	271	504	2|ENSMUST00000052248.8_2|ENSMUST00000052248.8:271:374:400:504	1000	+	271	504	0	2	103,104	0,129
ENSMUST00000052248.8	272	504	2|ENSMUST00000052248.8_2|ENSMUST00000052248.8:271:374:400:504	1000	+	272	504	0	2	102,104	0,128
ENSMUST00000052248.8	293	553	2|ENSMUST00000052248.8_2|ENSMUST00000052248.8:271:374:400:504	1000	-	293	553	0	2	37,196	0,64
ENSMUST00000052248.8	293	553	2|ENSMUST00000052248.8_2|ENSMUST00000052248.8:271:374:400:504	1000	-	293	553	0	2	37,196	0,64
ENSMUST00000052248.8	293	553	2|ENSMUST00000052248.8_2|ENSMUST00000052248.8:271:374:400:504	1000	-	293	553	0	2	37,196	0,64
ENSMUST00000052248.8	293	553	2|ENSMUST00000052248.8_2|ENSMUST00000052248.8:271:374:400:504	1000	-	293	553	0	2	37,196	0,64
ENSMUST00000052248.8	1020	1448	3|ENSMUST00000052248.8_3|ENSMUST00000052248.8:1020:1083:1355:1448	1000	+	1020	1448	0	2	63,93	0,335
ENSMUST00000052248.8	1020	1448	3|ENSMUST00000052248.8_3|ENSMUST00000052248.8:1020:1083:1355:1448	1000	+	1020	1448	0	2	63,93	0,335
ENSMUST00000052248.8	1020	1448	3|ENSMUST00000052248.8_3|ENSMUST00000052248.8:1020:1083:1355:1448	1000	+	1020	1448	0	2	63,93	0,335
ENSMUST00000052248.8	1020	1448	3|ENSMUST00000052248.8_3|ENSMUST00000052248.8:1020:1083:1355:1448	1000	+	1020	1448	0	2	63,93	0,335
ENSMUST00000052248.8	1020	1448	3|ENSMUST00000052248.8_3|ENSMUST00000052248.8:1020:1083:1355:1448	1000	+	1020	1448	0	2	63,93	0,335
ENSMUST00000052248.8	1020	1448	3|ENSMUST00000052248.8_3|ENSMUST00000052248.8:1020:1083:1355:1448	1000	+	1020	1448	0	2	63,93	0,335
ENSMUST00000052248.8	427	628	4|ENSMUST00000052248.8_4|ENSMUST00000052248.8:427:504:584:628	1000	+	427	628	0	2	77,44	0,157
ENSMUST00000052248.8	427	628	4|ENSMUST00000052248.8_4|ENSMUST00000052248.8:427:504:584:628	1000	+	427	628	0	2	77,44	0,157
ENSMUST00000052248.8	427	628	4|ENSMUST00000052248.8_4|ENSMUST00000052248.8:427:504:584:628	1000	+	427	628	0	2	77,44	0,157
ENSMUST00000052248.8	427	628	4|ENSMUST00000052248.8_4|ENSMUST00000052248.8:427:504:584:628	1000	+	427	628	0	2	77,44	0,157
ENSMUST00000052248.8	427	628	4|ENSMUST00000052248.8_4|ENSMUST00000052248.8:427:504:584:628	1000	+	427	628	0	2	77,44	0,157
ENSMUST00000052248.8	908	1159	5|ENSMUST00000052248.8_5|ENSMUST00000052248.8:860:927:974:1090	1000	+	908	1159	0	2	19,157	0,94
ENSMUST00000052248.8	780	1014	5|ENSMUST00000052248.8_5|ENSMUST00000052248.8:860:927:974:1090	1000	+	780	1014	0	2	97,58	0,176
ENSMUST00000052248.8	780	1014	5|ENSMUST00000052248.8_5|ENSMUST00000052248.8:860:927:974:1090	1000	+	780	1014	0	2	97,58	0,176
ENSMUST00000052248.8	860	1090	5|ENSMUST00000052248.8_5|ENSMUST00000052248.8:860:927:974:1090	1000	+	860	1090	0	2	91,116	0,114
ENSMUST00000052248.8	860	1090	5|ENSMUST00000052248.8_5|ENSMUST00000052248.8:860:927:974:1090	1000	+	860	1090	0	2	91,116	0,114
ENSMUST00000052248.8	343	574	6|ENSMUST00000052248.8_6|ENSMUST00000052248.8:343:499:513:574	1000	+	343	574	0	2	156,61	0,170
ENSMUST00000052248.8	343	574	6|ENSMUST00000052248.8_6|ENSMUST00000052248.8:343:499:513:574	1000	+	343	574	0	2	156,61	0,170
ENSMUST00000052248.8	343	574	6|ENSMUST00000052248.8_6|ENSMUST00000052248.8:343:499:513:574	1000	+	343	574	0	2	156,61	0,170
ENSMUST00000052248.8	343	574	6|ENSMUST00000052248.8_6|ENSMUST00000052248.8:343:499:513:574	1000	+	343	574	0	2	156,61	0,170
ENSMUST00000052248.8	434	944	7|ENSMUST00000052248.8_7|ENSMUST00000052248.8:434:482:820:944	1000	+	434	944	0	2	48,124	0,386
ENSMUST00000052248.8	434	944	7|ENSMUST00000052248.8_7|ENSMUST00000052248.8:434:482:820:944	1000	+	434	944	0	2	48,124	0,386
ENSMUST00000052248.8	434	944	7|ENSMUST00000052248.8_7|ENSMUST00000052248.8:434:482:820:944	1000	+	434	944	0	2	48,124	0,386
ENSMUST00000052248.8	434	944	7|ENSMUST00000052248.8_7|ENSMUST00000052248.8:434:482:820:944	1000	+	434	944	0	2	48,124	0,386
